九牛指数
900923
900942
200022
200037
200869
002024
000538
600361
600694

上证50
600000
600002
600004
600005
600006
600008
600009
600011
600015
600016
600018
600019
600020
600021
600026
600028
600029
600030
600033
600036
600050
600100
600104
600171
600205
600210
600350
600500
600569
600591
600601
600602
600609
600642
600643
600649
600660
600688
600705
600717
600780
600795
600808
600812
600832
600839
600879
600887
600895
600900

深证40
000001
000002
000009
000012
000021
000022
000024
000027
000039
000063
000066
000068
000069
000088
000089
000100
000406
000429
000488
000539
000541
000550
000581
000625
000629
000709
000717
000725
000778
000800
000817
000825
000839
000858
000866
000898
000932
000956
000959
000983

上证180指数
600000
600001
600002
600003
600005
600006
600007
600008
600009
600010
600011
600016
600018
600019
600028
600033
600037
600052
600058
600060
600062
600064
600068
600071
600073
600076
600085
600086
600088
600096
600098
600100
600102
600103
600104
600108
600111
600115
600121
600122
600123
600126
600127
600129
600133
600135
600138
600151
600156
600158
600161
600165
600168
600170
600171
600177
600180
600181
600183
600186
600188
600190
600195
600196
600198
600205
600207
600210
600217
600221
600223
600256
600258
600263
600266
600267
600270
600282
600288
600299
600307
600309
600313
600315
600319
600322
600330
600332
600345
600362
600368
600372
600377
600380
600383
600386
600395
600399
600498
600500
600508
600519
600528
600548
600555
600569
600588
600600
600602
600624
600626
600630
600631
600632
600635
600637
600638
600639
600640
600641
600642
600643
600649
600651
600652
600654
600657
600662
600663
600664
600665
600668
600675
600677
600688
600690
600701
600705
600717
600718
600722
600723
600727
600741
600744
600746
600748
600770
600776
600778
600779
600784
600795
600798
600805
600808
600811
600812
600820
600821
600832
600835
600839
600849
600851
600854
600857
600861
600863
600866
600868
600871
600872
600874
600881
600887
600890
600894
600895
600896

造纸板块
000488
000506
000619
000699
000718
000815
000820
200488
600053
600069
600103
600137
600163
600187
600235
600308
600356
600419
600567
600793
600794

运输板块
000004
000099
200057
200152
600033
600087
600115
600125
600213
600221
600270
600326
600368
600369
600386
600428
600692
600751
600768
600798
600896
900938
900945

医药板块
000078
000153
000423
000513
000522
000538
000545
000566
000590
000591
000597
000623
000750
000756
000766
000788
000790
000919
000952
000963
000989
000999
200513
600062
600080
600085
600129
600196
600211
600216
600222
600253
600267
600276
600285
600297
600329
600332
600380
600385
600422
600466
600488
600518
600556
600568
600664
600666
600671
600713
600750
600752
600789
600812
600842
600849
600867
600869

网络股板块
000023
000048
000503
000701
000733
000739
000765
000793
000839
000889
000902
600052
600056
600058
600073
600092
600138
600601
600606
600607
600632
600646
600653
600657
600680
600704
600723
600768
600770
600799
600807
600865

通讯板块
000032
000063
000400
000542
000552
000561
000603
000682
000703
000727
000839
000892
600621
600640
600654
600680
600706
600775
600776

食品板块
000048
000576
000686
000702
000780
000833
000876
000885
000895
000911
000930
600073
600090
600095
600127
600186
600191
600195
600199
600246
600298
600305
600311
600519
600615
600695
600866
600887
600893
900919

石化板块
000059
000406
000407
000422
000510
000520
000523
000598
000609
000618
000620
000627
000635
000637
000659
000668
000675
000683
000698
000707
000728
000731
000737
000763
000783
000791
000792
000818
000819
000826
000838
000866
600002
600028
600065
600074
600075
600091
600096
600614
600636
600656
600688
600725
600727
600746
600772
600792
600874
600886

商业板块
000033
000056
000416
000417
000419
000428
000501
000505
000516
000524
000537
000551
000557
000560
000564
000593
000594
000599
000600
000611
000616
000639
000667
000679
000681
000685
000715
000721
000739
000759
000765
000785
000787
000796
000889
600082
600109
600158
600612
600628
600631
600632
600650
600655
600657
600670
600682
600683
600693
600694
600697
600700
600712
600721
600723
600729
600738
600739
600755

零售板块
000056
000061
000416
000417
000419
000501
000516
000560
000564
000593
000611
000667
000672
000679
000715
000739
000759
000765
000785
000796
000882
000889
000987
200056
600082
600109
600234
600280
600306
600361
600616
600628
600631
600632
600655
600682
600683
600693
600694
600697
600712
600723
600729
600738
600766
600774
600778
600785
600791
600807
600814
600821
600823
600824
600825
600827
600828
600830
600837
600838
600840
600856
600857
600859
600861
600865
600891
900923

汽车板块
000550
000625
000738
000800
000868
000880
600066
600104
600609
600686
600698
600715
600742
600761
600805
600813
600855
600877
600890

农业板块
000626
000829
000860
000972
000998
600075
600093
600108
600180
600225
600313
600359
600506
600598
600672
600762

煤炭板块
000933
000937
000968
000983
600123
600188
600395
600508
900948

能源板块
000027
000037
000426
000532
000534
000539
000543
000601
000767
000899
600101
600116
600121
600642
600644
600719
600744
600769
600780
600863
600864

旅游板块
000069
000430
000602
000610
000802
000888
000978
600007
600054
600118
600138
600358
600749
900929
900942

旅馆板块
000033
000428
000524
000639
000691
600175
600258
600650
600754
600873
900914
900934

科技板块
000014
000021
000035
000050
000063
000066
000583
000621
000628
000652
000661
000676
000682
000727
000733
000748
000836
000839
600064
600076
600079
600100
600105
600122
600624
600701
600706
600718
600734
600776
600800
600850

计算机板块
000008
000583
000621
000682
000693
000711
000787
000805
000836
000863
000938
000948
600289
600536
600588
600646
600657
600687
600718
600756
600799
600899

电器板块
000007
000038
000400
000404
000418
000521
000527
000533
000542
000548
000552
000561
000622
000651
000669
000723
600060
600622
600625
600627
600651
600690
600711
600724
600753
600835
600839
600854
600870
600880

纺织板块
000018
000036
000045
000158
000301
000518
000529
000712
000726
000779
000803
000809
000810
000813
000850
000971
000976
000982
200018
200045
200160
200168
200726
600070
600078
600152
600156
600201
600219
600220
600232
600240
600381
600398
600448
600626
600630
600645
600677
600777
600781

服装板块
600070
600107
600757
600825
600884

钢铁板块
000569
000629
000656
000696
000700
000708
000709
000761
000778
000898
600001
600102
600117
600126
600608
600665
600714
600771
600799
600804
600808
600845
600853
600894

工业板块
000012
000015
000017
000050
000060
000405
000407
000408
000413
000511
000523
000530
000535
000536
000541
000544
000546
000547
000569
000576
000587
000589
000595
000612
000630
000631
000633
000653
000655
000660
000665
000677
000686
000717
000720
000730
000751
000762
000769
000777
000788
000792
000795
000807
000826
600067
600072
600089
600111
600112
600113
600135
600139
600613
600615
600629
600646
600652
600658
600660
600661
600673
600674
600679
600685
600691
600696
600716
600727
600748
600752
600765
600770
600782
600783
600784
600786
600788
600818
600819
600836
600843
600844
600847
600875
600876
600879
600888
600899

公用板块
000040
000089
000412
000421
000531
000793
600158
600640
600649
600717
600726
600768
600772
600795
600820
600832
600834
600896

化纤板块
000420
000498
000555
000615
000650
000677
000687
000782
000832
000949
600061
600063
600094
600617
600667
600669
600699
600810
600871
600889
900913
900940

机械板块
000410
000519
000551
000570
000581
000595
000617
000757
000777
000816
000837
000903
000908
000967
200570
200581
200706
200770
200771
600072
600149
600169
600218
600243
600302
600335
600382
600566
600605
600765
600786
600806
600841
600843
600862
900920
900924

建材板块
000023
000055
000401
000525
000565
000608
000673
000688
000689
000695
000786
000789
600052
600668
600678
600720
600737
600758
600801
600802
600829
600883

金融板块
000001
000562
000563
600000
600016
600036
600643
600816

渔业板块
000509
000798
200992
600242
600275
600728

饮料板块
000028
000568
000596
000729
000752
000799
000848
000858
000869
000929
000995
200019
200028
200596
200869
600059
600097
600132
600159
600197
600238
600239
600300
600365
600600
600702
600735
600779
600809

橡胶板块
000589
600182
600614
600623
900907
900909

土木板块
000023
000090
000415
000730
000758
000793
000797
600052
600068
600170
600252
600263
600266
600321
600350
600528
600758
600820
600852

塑料板块
000407
000659
000665
000859
600074
600155
600210
600260
600520

金属板块
000039
000055
000535
000700
000778
000890
000910
000926
000932
001696
200039
200055
600113
600165
600320
600456
600558
600608
600782
900947

非金属板块
000012
000401
000408
000544
000655
000673
000688
000753
000786
000789
000795
000851
000856
000861
000877
000925
000928
000935
000965
200012
600172
600173
600206
600212
600217
600286
600291
600293
600318
600539
600585
600660
600668
600678
600691
600696
600716
600720
600737
600783
600792
600801
600802
600819
600829
600876
900918
900933

电子元器件板块
000038
000050
000058
000068
000070
000413
000636
000697
000733
000806
000823
000828
200058
200413
600171
600207
600330
600363
600602
600634
600707
900901

地产板块
000002
000006
000029
000031
000042
000046
000047
000049
000502
000505
000514
000557
000558
000592
200002
200029
200505
600383
600393
600603
600638
600639
600641
600648
600663
600675
600684
600833
900911
900912
900932

三无板块
500006
600601
600603
600611
600651
600652
600653

北京板块
000151
000504
000605
000609
000621
000725
000728
000729
000758
000786
000798
000802
000835
000839
000860
000882
000902
000916
000931
000938
000959
000969
000970
200725
600007
600008
600016
600037
600055
600056
600058
600062
600085
600100
600118
600138
600158
600161
600166
600176
600195
600198
600206
600246
600258
600263
600266
600270
600288
600299
600313
600376
600386
600500
600588
600657
600658
600723
600763
600855
600859
600860
600861

上海板块
600000
600009
600018
600019
600061
600072
600073
600081
600094
600104
600115
600119
600150
600151
600170
600171
600196
600210
600272
600278
600315
600320
600530
600555
600601
600602
600603
600604
600605
600606
600607
600608
600610
600611
600612
600613
600614
600615
600616
600617
600618
600619
600620
600621
600622
600623
600624
600626
600627
600628
600630
600631
600632
600633
600634
600635
600636
600637
600638
600639
600640
600641
600642
600643
600645
600646
600647
600648
600649
600650
600651
600652
600653
600654
600655
600661
600662
600663
600665
600675
600676
600679
600680
600688
600689
600692
600695
600708
600730
600732
600741
600748
600754
600757
600781
600817
600819
600820
600822
600823
600824
600825
600826
600827
600832
600833
600834
600835
600836
600837
600838
600841
600842
600843
600844
600846
600848
600849
600850
600851
600895
900901
900902
900903
900904
900905
900906
900907
900908
900909
900910
900911
900912
900913
900914
900916
900917
900918
900919
900920
900921
900922
900923
900924
900925
900927
900928
900929
900930
900932
900934
900935
900939
900940
900943
900947
900953
900955
900957

天津板块
000537
000652
000695
000836
000897
000927
000965
600082
600322
600329
600335
600468
600488
600717
600751
600787
600800
600821
600874
900938

重庆板块
000402
000514
000515
000565
000591
000607
000625
000656
000688
000736
000788
000892
000950
000975
200625
600106
600116
600129
600132
600145
600279
600369
600666
600729
600847
600877

浙江板块
000517
000559
000705
000909
000913
000925
000963
000967
200771
600051
600052
600059
600070
600113
600120
600126
600130
600152
600160
600177
600208
600216
600226
600232
600235
600261
600267
600283
600330
600366
600656
600668
600671
600677
600683
600704
600724
600768
600776
600790
600796
600797
600798
600814
600830
600840
600857
600865
600884
600899
900941
900949

云南板块
000538
000560
000667
000807
000878
000903
000948
000960
600096
600181
600239
600265
600422
600725
600792
600794
600806
600883

新疆板块
000159
000415
000562
000813
000877
000972
600075
600084
600089
600090
600197
600256
600337
600339
600359
600419
600737
600778
600888

西藏板块
000752
000762
600211
600326
600338
600749
600773
600873

四川板块
000155
000506
000509
000510
000519
000568
000569
000583
000584
000586
000593
000628
000629
000693
000710
000731
000757
000790
000801
000803
000809
000810
000838
000858
000876
000888
000912
000935
600093
600101
600109
600131
600137
600139
600292
600321
600378
600466
600528
600558
600644
600672
600673
600674
600678
600691
600702
600733
600779
600786
600793
600804
600828
600839
600852
600875
600880

陕西板块
000516
000561
000563
000564
000610
000697
000721
000768
000796
000812
000837
600080
600092
600185
600217
600248
600302
600700
600706
600707
600788
600831

山西板块
000666
000673
000737
000755
000767
000795
000825
000831
000968
000983
600123
600169
600234
600281
600740
600780
600809

山东板块
000406
000407
000416
000423
000488
000554
000599
000617
000655
000677
000680
000682
000720
000726
000739
000756
000811
000822
000830
000869
000880
000915
000951
000957
000977
200152
200488
200726
200869
200992
600002
600060
600076
600102
600157
600162
600180
600188
600205
600212
600219
600223
600229
600308
600309
600319
600336
600600
600690
600698
600727
600735
600756
600760
600766
600777
600783
600784
600789
600807
600858
600882
900946

青海板块
000578
000606
000792
600117
600243
600381
600714
600771
600869

宁夏板块
000557
000595
000635
000815
000862
000962
000982
600146
600165
600785

内蒙古
000426
000594
000611
000683
000780
600010
600091
600111
600159
600191
600201
600240
600262
600277
600291
600295
600328
600863
600887
600967

辽宁板块
000410
000498
000511
000530
000558
000597
000616
000633
000638
000679
000686
000692
000698
000715
000730
000751
000761
000763
000769
000817
000818
000820
000827
000863
000881
000898
000961
200530
200706
200761
600077
600125
600167
600190
600231
600233
600241
600297
600303
600306
600396
600399
600609
600669
600694
600715
600718
600719
600728
600739
600747
600758
600795
600816
600878
900952

江西板块
000403
000404
000550
000650
000789
000829
000899
000990
200550
600053
600071
600228
600269
600316
600363
600372
600750
600782

江苏板块
000301
000418
000421
000425
000518
000525
000551
000570
000581
000626
000681
000700
000727
000777
000805
000816
000866
000890
000910
000919
000936
200418
200468
200570
200581
600064
600074
600078
600087
600088
600099
600105
600122
600128
600200
600213
600220
600250
600268
600276
600280
600282
600287
600290
600300
600305
600358
600377
600389
600398
600400
600501
600667
600682
600710
600713
600736
600746
600770
600775
600805
600854
600862
600871
600889
900950

吉林板块
000412
000420
000545
000618
000623
000631
000661
000669
000718
000766
000776
000800
000928
600003
600110
600148
600189
600215
600247
600333
600360
600365
600670
600697
600699
600742
600856
600867
600881
600890
600893
900951

湖南板块
000156
000157
000419
000428
000430
000548
000549
000590
000622
000639
000702
000722
000738
000748
000787
000799
000819
000900
000906
000908
000917
000918
000932
000989
000998
600127
600156
600257
600286
600390
600731
600744
600762

湖北板块
000422
000501
000520
000535
000553
000615
000627
000665
000668
000670
000678
000707
000708
000759
000760
000765
000785
000821
000826
000852
000883
000926
000939
000952
000966
000971
000988
200553
200770
600005
600006
600068
600079
600086
600107
600133
600136
600141
600168
600260
600275
600293
600298
600345
600568
600681
600703
600745
600769
600774
600801
600879
600885
600886
900933
900956

黑龙江板块
000587
000620
000699
000711
000832
000901
000922
000985
000996
600038
600065
600095
600173
600178
600179
600182
600187
600202
600289
600356
600664
600701
600705
600726
600752
600799
600811
600829
600864
600891
900937

河南板块
000400
000544
000612
000676
000719
000885
000895
000933
000949
000956
600066
600069
600121
600172
600186
600207
600222
600253
600285
600312
600753
600810
600876

河北板块
000158
000401
000408
000413
000600
000687
000709
000778
000783
000848
000856
000889
000923
000937
000958
200160
200413
600001
600135
600149
600155
600230
600550
600716
600722
600772
600803
600812
600892

海南板块
000502
000503
000505
000566
000567
000571
000572
000657
000691
000735
000793
000886
000955
200505
600097
600175
600209
600221
600238
600259
600896
900945

贵州板块
000540
000555
000589
000733
000851
000920
600112
600227
600367
600395
600765
600791

广西板块
000528
000582
000608
000662
000703
000716
000750
000806
000833
000911
000953
000978
600236
600252
600301
600310
600368
600712

广东板块
000001
000002
000004
000005
000006
000007
000008
000009
000010
000011
000012
000013
000014
000016
000017
000018
000020
000021
000022
000023
000024
000025
000026
000027
000028
000029
000030
000031
000032
000033
000034
000035
000036
000037
000038
000039
000040
000042
000043
000045
000046
000047
000048
000049
000050
000055
000056
000058
000059
000060
000061
000062
000063
000065
000066
000068
000069
000070
000078
000088
000089
000090
000096
000099
000150
000405
000409
000429
000507
000513
000522
000523
000524
000527
000529
000531
000532
000533
000534
000539
000541
000542
000573
000576
000601
000602
000603
000636
000637
000651
000659
000660
000685
000690
000712
000717
000782
000823
000828
000861
000893
000921
000973
000976
000987
000999
200002
200011
200012
200013
200016
200017
200018
200019
200020
200022
200024
200025
200026
200028
200029
200030
200037
200039
200041
200045
200053
200054
200055
200056
200057
200058
200168
200429
200513
200539
200541
200986
600098
600183
600242
600323
600332
600380
600382
600383
600393
600518
600589
600684
600685
600866
600868
600872
600894

甘肃板块
000552
000598
000672
000779
000791
000929
000981
000995
600108
600192
600296
600307
600311
600720
600738
600764

福建板块
000526
000547
000592
000632
000663
000671
000701
000723
000732
000753
000797
000905
000993
000997
200512
600033
600057
600067
600103
600153
600163
600193
600203
600225
600388
600659
600660
600686
600687
600693
600696
600711
600734
600755
600767
600802
600815
600870
600897

安徽板块
000153
000417
000521
000543
000596
000619
000630
000713
000850
000859
000868
000887
000930
000979
000980
200521
200596
600054
600063
600199
600218
600237
600255
600318
600761
600808
900942

H股
000063
000585
000618
000666
000756
000898
000921
600011
600012
600026
600028
600029
600115
600188
600332
600362
600377
600548
600585
600600
600685
600688
600775
600806
600808
600860
600871
600874
600875
600876

ST
000005
000013
000017
000020
000025
000030
000040
000047
000048
000156
000405
000409
000411
000505
000529
000535
000536
000537
000546
000552
000555
000557
000560
000561
000583
000585
000587
000592
000603
000613
000620
000621
000622
000638
000650
000656
000658
000660
000675
000678
000683
000691
000699
000710
000718
000730
000736
000760
000765
000766
000769
000801
000802
000805
000813
000827
000832
000856
000862
000885
000887
000908
000931
000950
000993
600053
600065
600077
600083
600086
600090
600137
600146
600159
600187
600199
600203
600234
600335
600338
600385
600503
600603
600613
600615
600617
600629
600646
600647
600659
600669
600670
600672
600681
600691
600695
600698
600700
600709
600715
600735
600737
600743
600751
600752
600753
600758
600759
600760
600763
600766
600776
600781
600788
600799
600807
600813
600842
600844
600847
600848
600852
600858
600862
600869
600876
600878
600891
600892
600899

上海
000835
002022
002028
600000
600009
600018
600019
600021
600026
600061
600072
600073
600081
600094
600104
600115
600119
600150
600151
600170
600171
600196
600210
600225
600272
600278
600284
600315
600320
600420
600490
600500
600508
600517
600530
600555
600591
600597
600601
600602
600603
600604
600605
600606
600607
600608
600610
600611
600612
600613
600614
600615
600616
600617
600618
600619
600620
600621
600622
600623
600624
600625
600626
600627
600628
600629
600630
600631
600633
600634
600635
600636
600637
600638
600639
600640
600641
600642
600643
600645
600646
600647
600648
600649
600650
600651
600652
600653
600654
600655
600656
600661
600662
600663
600665
600675
600676
600679
600680
600688
600689
600692
600695
600696
600708
600730
600732
600741
600748
600754
600757
600767
600772
600781
600816
600817
600818
600819
600820
600822
600823
600824
600825
600826
600827
600832
600833
600834
600835
600836
600837
600838
600841
600842
600843
600844
600845
600846
600848
600849
600850
600851
600895

上证180
600000
600001
600002
600004
600005
600006
600008
600009
600010
600011
600012
600015
600016
600018
600019
600020
600021
600022
600026
600028
600029
600030
600031
600033
600035
600036
600037
600050
600057
600058
600060
600062
600072
600073
600076
600085
600086
600087
600088
600091
600098
600100
600102
600104
600115
600120
600121
600126
600129
600130
600135
600138
600151
600153
600158
600161
600166
600171
600177
600180
600183
600186
600188
600196
600205
600207
600210
600220
600221
600226
600228
600231
600236
600237
600253
600256
600258
600266
600270
600271
600275
600282
600296
600303
600307
600309
600317
600320
600322
600325
600333
600345
600348
600350
600357
600362
600377
600398
600406
600408
600418
600421
600428
600429
600469
600489
600500
600508
600519
600535
600547
600548
600569
600578
600581
600583
600584
600585
600591
600597
600598
600600
600601
600602
600608
600609
600620
600631
600635
600637
600639
600640
600641
600642
600643
600649
600660
600663
600675
600688
600690
600705
600707
600710
600717
600718
600724
600739
600740
600747
600748
600757
600770
600779
600780
600795
600805
600808
600811
600812
600816
600823
600831
600832
600835
600839
600849
600851
600854
600863
600866
600868
600871
600879
600887
600894
600895
600900
600991
600997

中价
000027
000031
000089
000400
000406
000410
000513
000516
000559
000578
000601
000623
000651
000680
000701
000729
000806
000817
000858
000888
000892
000923
000962
000972
000981
000990
600004
600008
600020
600021
600030
600033
600058
600073
600089
600096
600098
600111
600123
600125
600126
600158
600183
600188
600207
600219
600227
600231
600241
600260
600261
600266
600276
600279
600282
600285
600291
600297
600298
600303
600305
600307
600315
600317
600331
600333
600351
600360
600396
600397
600408
600416
600419
600426
600428
600449
600466
600469
600475
600478
600481
600489
600490
600496
600500
600507
600508
600512
600530
600558
600562
600578
600584
600585
600587
600592
600595
600596
600600
600602
600607
600608
600611
600616
600618
600627
600637
600650
600676
600694
600707
600710
600740
600761
600775
600785
600795
600823
600835
600897

中盘
000029
000046
000155
000513
000528
000531
000563
000755
000789
000837
000892
000897
000962
000975
000989
600073
600089
600096
600135
600151
600155
600160
600172
600178
600216
600219
600253
600281
600300
600309
600317
600322
600339
600348
600357
600395
600428
600429
600528
600578
600607
600628
600639
600704
600707
600710
600742
600755
600787

云南
000538
000560
000807
000878
000903
000948
000960
002033
600096
600181
600239
600265
600422
600459
600497
600725
600792
600794
600806
600883
600995

交通工具
000017
000571
000738
000768
000913
000920
001696
600038
600099
600316
600338
600679
600685
600698
600818
600877

交通设施
000022
000039
000088
000089
000429
000507
000548
000582
000753
000776
000828
000886
000900
000905
000916
002040
600003
600004
600008
600009
600012
600018
600020
600033
600035
600106
600190
600208
600269
600279
600317
600350
600368
600377
600387
600548
600575
600717
600794
600805
600811
600897

仪电仪表
000032
000400
000533
000536
000551
000585
000607
000611
000676
000682
000720
000723
000736
000806
000835
000862
000922
000991
002009
002025
002028
600089
600097
600112
600139
600192
600268
600312
600353
600379
600388
600405
600406
600416
600468
600475
600517
600526
600550
600560
600577
600580
600590
600627
600745
600786
600848
600873
600875
600973

低价
000005
000013
000420
000498
000505
000529
000533
000535
000544
000557
000561
000569
000571
000585
000620
000638
000682
000718
000735
000751
000765
000783
000886
600003
600028
600029
600050
600103
600107
600108
600115
600350
600653
600667
600669
600670
600672
600720
600738
600799
600802
600808
600821
600868
600871
600872
600891

供水供气
000024
000048
000426
000532
000544
000712
000722
000753
000793
000826
000956
000968
000993
600008
600101
600127
600167
600168
600207
600215
600256
600283
600323
600326
600333
600461
600545
600635
600642
600644
600649
600724
600874

其他行业
000030
000049
000150
000544
000587
000659
000795
000926
000928
000969
000970
002008
002014
002023
002031
002037
600071
600086
600110
600114
600118
600172
600184
600208
600210
600366
600390
600391
600401
600439
600458
600482
600516
600520
600525
600529
600583
600599
600612
600691
600701
600879
600885
600978
600980
600985
600992

农业龙头
000061
000623
000702
000713
000735
000780
000829
000833
000848
000860
000876
000895
000918
000930
000972
000998
002041
600084
600093
600108
600127
600180
600186
600191
600195
600248
600251
600257
600277
600300
600305
600311
600354
600365
600429
600438
600506
600537
600540
600543
600559
600597
600703
600704
600737
600837
600887
600893
600962
600975

农林牧渔
000048
000509
000525
000553
000626
000663
000672
000691
000702
000713
000722
000732
000735
000769
000780
000798
000829
000860
000876
000918
000929
000930
000950
000972
000998
002018
002019
600093
600096
600108
600127
600179
600180
600181
600189
600195
600199
600225
600227
600228
600242
600248
600251
600257
600265
600311
600313
600354
600359
600371
600389
600429
600438
600467
600486
600506
600532
600537
600538
600540
600543
600559
600596
600597
600598
600647
600672
600695
600703
600709
600731
600762
600788
600796
600837
600844
600882
600887
600893
600962
600965
600975

创投
000078
000088
000089
000158
000301
000421
000504
000516
000538
000539
000540
000590
000596
000627
000709
000727
000729
000811
000860
000938
600005
600089
600128
600195
600207
600210
600213
600250
600266
600309
600330
600630
600635
600642
600718
600719
600744
600779
600895
600896

券商重仓
000004
000422
000528
000539
000677
000752
000828
000895
000933
600038
600098
600129
600132
600182
600216
600250
600290
600302
600309
600337
600372
600377
600380
600383
600388
600403
600468
600518
600526
600536
600647
600664
600717
600721
600756
600774
600786
600792
600819
600835
600895

化工
000059
000155
000156
000407
000422
000510
000515
000523
000553
000598
000606
000627
000635
000662
000675
000683
000698
000707
000719
000728
000731
000737
000755
000791
000792
000818
000822
000830
000835
000861
000912
000953
000973
002010
600074
600075
600078
600091
600135
600141
600143
600155
600160
600229
600230
600249
600277
600281
600299
600301
600309
600315
600319
600328
600331
600339
600352
600367
600378
600409
600423
600426
600470
600589
600618
600633
600636
600722
600725
600727
600746
600769
600783
600792
600803
600847

化纤
000420
000498
000584
000615
000650
000677
000687
000782
000832
000949
000976
600063
600094
600223
600259
600527
600617
600669
600699
600810
600871
600889

北京
000151
000402
000504
000605
000609
000621
000666
000725
000728
000729
000758
000786
000798
000802
000839
000860
000882
000902
000916
000931
000938
000959
000969
000970
002038
600007
600008
600011
600015
600016
600028
600037
600050
600055
600056
600058
600062
600085
600100
600118
600138
600158
600161
600166
600176
600195
600198
600206
600246
600258
600263
600266
600270
600271
600288
600299
600313
600361
600376
600386
600405
600410
600429
600435
600463
600485
600511
600536
600560
600578
600582
600588
600657
600658
600723
600799
600855
600859
600860
600861
600890
600900
600962
600980

医药
000004
000009
000028
000078
000153
000403
000411
000415
000416
000423
000513
000518
000522
000538
000545
000566
000573
000590
000591
000593
000597
000603
000605
000607
000623
000626
000627
000628
000661
000705
000739
000750
000752
000756
000766
000788
000790
000796
000819
000915
000919
000952
000963
000979
000989
000990
000999
002001
002004
002007
002016
002020
002022
002030
002038
600055
600062
600079
600080
600085
600095
600129
600133
600146
600161
600196
600200
600201
600211
600216
600222
600223
600226
600253
600267
600276
600285
600286
600297
600329
600332
600351
600380
600385
600420
600421
600422
600436
600466
600479
600488
600490
600511
600513
600518
600521
600530
600535
600556
600557
600568
600572
600587
600594
600607
600613
600614
600624
600645
600656
600664
600666
600668
600670
600671
600706
600713
600730
600750
600752
600759
600771
600773
600779
600789
600797
600812
600829
600833
600842
600849
600851
600866
600867
600869
600976
600993

可转债
000002
000069
000301
000488
000630
000729
000822
000930
000932
000936
000937
000959
600001
600010
600016
600036
600037
600087
600096
600117
600177
600196
600219
600220
600236
600317
600418
600567
600726
600795
600874

吉林
000420
000545
000546
000618
000623
000631
000661
000669
000718
000766
000776
000800
000875
000928
000991
600003
600110
600148
600189
600215
600247
600333
600360
600365
600432
600462
600546
600670
600697
600699
600742
600856
600867
600881
600893

商业连锁
000025
000029
000056
000061
000417
000419
000501
000516
000560
000564
000679
000685
000715
000759
000765
000785
000796
000882
000889
000987
002024
600119
600247
600280
600306
600327
600361
600415
600515
600616
600628
600631
600655
600682
600683
600693
600694
600697
600712
600723
600729
600738
600766
600774
600778
600785
600807
600814
600821
600824
600825
600827
600828
600830
600838
600856
600857
600858
600859
600861
600864
600865
600891
600898

四川
000155
000506
000509
000510
000519
000568
000569
000583
000584
000586
000593
000628
000629
000675
000693
000710
000731
000757
000790
000801
000803
000809
000810
000838
000858
000876
000888
000912
000935
001696
002023
600039
600083
600093
600101
600109
600131
600137
600139
600145
600321
600331
600353
600378
600391
600438
600466
600505
600528
600558
600644
600672
600673
600674
600678
600691
600702
600733
600779
600786
600793
600804
600828
600839
600852
600873
600875
600880
600979

基金
184688
184689
184690
184691
184692
184693
184695
184696
184698
184699
184700
184701
184702
184703
184705
184706
184708
184709
184710
184711
184712
184713
184718
184719
184720
184721
184722
184728
184738
500001
500002
500003
500005
500006
500007
500008
500009
500010
500011
500013
500015
500016
500017
500018
500019
500021
500025
500028
500029
500035
500038
500039
500056
500058

基金重仓
000002
000022
000039
000063
000069
000088
000089
000402
000488
000538
000541
000581
000651
000729
000792
000822
000866
000869
000895
000898
000900
000926
000933
000937
000970
000983
002023
002024
002031
600002
600005
600009
600011
600012
600018
600019
600020
600026
600028
600029
600033
600036
600037
600050
600066
600078
600085
600096
600123
600125
600188
600267
600269
600270
600271
600308
600309
600320
600348
600361
600377
600383
600406
600420
600426
600428
600460
600519
600521
600529
600535
600547
600583
600585
600591
600660
600694
600717
600795
600851
600875
600887
600900
600971

外贸
000010
000151
000159
000632
600056
600058
600084
600120
600128
600153
600241
600250
600278
600287
600500
600626
600659
600704
600730
600739
600755
600822
600826

大智慧88
000024
000039
000063
000068
000069
000089
000100
000488
000539
000543
000625
000629
000630
000651
000709
000729
000800
000817
000858
000866
000895
000898
000932
000937
000956
000983
600000
600001
600002
600004
600005
600007
600008
600009
600011
600012
600018
600019
600026
600028
600029
600030
600033
600036
600037
600050
600060
600096
600098
600104
600115
600170
600177
600188
600207
600236
600269
600270
600307
600348
600350
600362
600383
600519
600548
600585
600597
600598
600600
600631
600637
600642
600649
600663
600688
600744
600754
600795
600808
600812
600832
600835
600839
600854
600863
600871
600895
600900

大盘
000001
000002
000009
000027
000100
000539
000709
000800
000825
000858
000866
000875
000898
000932
600000
600002
600004
600009
600015
600016
600018
600019
600026
600027
600028
600029
600030
600036
600050
600104
600221
600350
600601
600602
600609
600642
600649
600651
600653
600664
600688
600690
600705
600795
600808
600811
600812
600839
600863
600868
600900

天津
000537
000652
000695
000836
000897
000927
000965
600082
600322
600329
600335
600468
600488
600489
600535
600583
600717
600751
600787
600800
600821
600874

奥运
000401
000402
000673
000729
000786
000802
000839
000892
000916
000931
000959
000965
000969
600007
600008
600060
600138
600158
600176
600246
600258
600263
600266
600357
600376
600386
600539
600553
600578
600657
600675
600723
600791
600795
600855
600859
600861

宁夏
000557
000595
000635
000815
000862
000962
000982
600146
600165
600449
600785

安徽
000153
000417
000521
000543
000596
000619
000630
000713
000850
000859
000868
000887
000930
000979
000980
002014
002018
600012
600054
600063
600199
600218
600237
600255
600318
600375
600418
600444
600470
600496
600502
600520
600551
600552
600567
600575
600577
600585
600761
600808
600971
600983
600985
600990

小盘
000018
000038
000045
000596
000669
000736
000805
000835
000838
600109
600139
600184
600255
600392
600403
600405
600410
600439
600444
600446
600455
600479
600491
600513
600517
600518
600525
600527
600551
600562
600565
600570
600571
600587
600594
600605
600610
600612
600614
600618
600619
600623
600633
600647
600661
600680
600711
600817
600822
600841
600843
600845
600988
600990
600993

山东
000406
000407
000416
000423
000488
000554
000599
000617
000655
000677
000680
000682
000720
000726
000739
000756
000811
000822
000830
000869
000880
000915
000951
000957
000977
002026
600002
600022
600060
600076
600102
600157
600162
600180
600188
600205
600212
600219
600223
600229
600308
600309
600319
600336
600350
600385
600426
600448
600467
600529
600532
600547
600579
600586
600587
600600
600690
600698
600727
600735
600756
600760
600766
600777
600783
600784
600789
600807
600858
600882
600960
600966
600986

山西
000673
000737
000755
000767
000795
000825
000831
000968
000983
600123
600169
600234
600281
600348
600351
600392
600408
600495
600539
600740
600780
600809

工程建筑
000042
000065
000090
000415
000548
000638
000690
000730
000758
000790
000793
000797
000881
000897
000931
000939
000975
600039
600082
600109
600170
600263
600284
600326
600463
600477
600491
600496
600502
600512
600528
600545
600546
600583
600758
600820
600846
600852
600853
600868
600874
600986

广东
000100
000150
000405
000429
000507
000513
000522
000523
000524
000527
000529
000531
000532
000533
000534
000539
000541
000542
000573
000576
000601
000602
000603
000636
000637
000651
000659
000660
000667
000685
000690
000712
000717
000782
000823
000828
000861
000893
000921
000973
000975
000976
000987
002005
002008
002016
002017
002027
002030
002031
002035
600004
600029
600098
600143
600183
600242
600323
600325
600332
600382
600393
600428
600433
600499
600518
600589
600684
600685
600728
600866
600868
600872
600894
600978
600988

广西
000528
000582
000608
000662
000716
000750
000806
000833
000911
000953
000978
600236
600249
600252
600301
600310
600368
600423
600538
600556
600712

建材
000012
000023
000055
000401
000408
000535
000565
000578
000619
000639
000655
000663
000673
000786
000789
000856
000859
000877
000906
000935
000965
002002
600068
600145
600146
600173
600176
600212
600217
600260
600286
600291
600293
600318
600321
600397
600425
600444
600449
600539
600552
600553
600558
600562
600585
600586
600615
600629
600660
600668
600678
600716
600720
600801
600802
600819
600876
600881
600883
600885

房地产
000002
000005
000006
000007
000009
000011
000014
000024
000029
000031
000040
000042
000046
000047
000090
000159
000402
000502
000505
000511
000514
000526
000540
000546
000558
000572
000573
000592
000608
000616
000628
000632
000656
000667
000671
000711
000716
000839
000926
600007
600051
600052
600064
600067
600079
600133
600153
600158
600175
600193
600246
600252
600256
600266
600275
600305
600322
600325
600376
600383
600388
600393
600533
600603
600606
600620
600622
600634
600638
600639
600641
600643
600648
600663
600665
600675
600681
600684
600696
600704
600732
600736
600748
600767
600772
600791
600823
600840
600881
600890
600895

振兴东北
000059
000410
000420
000498
000511
000530
000585
000587
000597
000618
000631
000661
000698
000730
000751
000761
000763
000776
000800
000817
000818
000832
000875
000898
000901
000922
000928
000961
000996
600003
600038
600065
600110
600125
600148
600167
600173
600178
600179
600189
600190
600202
600215
600231
600303
600317
600333
600371
600399
600462
600546
600598
600609
600664
600694
600699
600705
600715
600726
600742
600747
600795
600811
600829
600853
600881
600893

教育传媒
000504
000548
000616
000812
000852
000915
000917
600037
600076
600080
600088
600113
600661
600672
600734
600749
600758
600804
600818
600831
600832
600880
600899

数字电视
000016
000058
000062
000063
000100
000413
000505
000517
000532
000542
000621
000688
000697
000725
000727
000839
000892
000909
000910
000917
000988
600037
600060
600076
600088
600100
600122
600171
600207
600288
600327
600353
600565
600578
600602
600608
600621
600637
600661
600690
600707
600733
600747
600764
600817
600828
600831
600832
600839
600840
600870
600883

新上海
000835
600009
600018
600019
600072
600104
600115
600170
600320
600591
600611
600620
600634
600638
600639
600641
600648
600650
600655
600663
600675
600689
600692
600696
600708
600732
600748
600754
600818
600820
600823
600832
600834
600836
600895

新材料
000055
000065
000156
000519
000521
000547
000581
000657
000665
000728
000737
000751
000786
000795
000838
000880
000897
000911
000920
000925
000962
000969
000970
000988
002012
600061
600063
600074
600110
600111
600114
600123
600143
600148
600155
600176
600206
600223
600237
600255
600260
600281
600299
600309
600318
600319
600330
600366
600369
600388
600390
600458
600516
600525
600549
600551
600558
600589
600596
600636
600739
600872
600884
600885
600980

新疆
000159
000415
000562
000813
000877
000972
600075
600084
600089
600090
600197
600251
600256
600337
600339
600359
600419
600425
600506
600509
600540
600545
600581
600721
600737
600763
600778
600888

旅游酒店
000033
000043
000069
000419
000428
000430
000501
000524
000610
000613
000639
000679
000691
000711
000721
000802
000835
000888
000978
002033
600054
600138
600258
600358
600515
600593
600749
600754

有色金属
000060
000405
000594
000612
000630
000657
000751
000762
000807
000831
000878
000960
000962
600092
600111
600205
600219
600255
600296
600331
600362
600432
600456
600459
600468
600478
600489
600497
600508
600531
600547
600549
600595
600674
600714
600743
600768
600888
600961

机械
000026
000157
000410
000425
000528
000570
000595
000617
000633
000666
000680
000777
000816
000821
000837
000838
000852
000908
000923
002006
002021
002026
600031
600072
600150
600162
600169
600232
600243
600290
600302
600320
600335
600337
600346
600382
600435
600495
600499
600566
600582
600604
600605
600610
600667
600673
600710
600765
600806
600815
600841
600843
600862
600984

次新股
600012
600015
600020
600021
600022
600027
600029
600030
600035
600114
600143
600184
600249
600284
600325
600340
600348
600352
600354
600371
600387
600401
600403
600405
600406
600410
600420
600421
600423
600425
600429
600432
600438
600444
600446
600449
600452
600455
600458
600461
600462
600463
600467
600469
600470
600475
600476
600477
600478
600479
600480
600482
600483
600485
600487
600489
600491
600493
600495
600497
600507
600512
600517
600526
600527
600538
600540
600543
600545
600546
600547
600549
600560
600572
600590
600594
600900
600960
600961
600962
600963
600965
600966
600967
600969
600971
600973
600975
600976
600978
600979
600980
600981
600982
600983
600984
600985
600986
600987
600988
600990
600991
600992
600993
600995
600997

江苏
000301
000418
000421
000425
000518
000525
000551
000570
000581
000626
000681
000700
000727
000777
000805
000816
000866
000890
000910
000919
000936
002002
002009
002015
002024
002040
600064
600074
600078
600087
600088
600099
600105
600122
600128
600200
600213
600220
600250
600268
600273
600276
600280
600282
600287
600290
600300
600305
600327
600358
600370
600377
600389
600398
600400
600401
600403
600406
600475
600481
600486
600487
600501
600510
600513
600522
600527
600533
600557
600562
600576
600584
600667
600682
600710
600713
600736
600746
600770
600775
600805
600854
600862
600871
600889
600973
600981

江西
000404
000550
000650
000789
000829
000899
000990
600053
600071
600228
600269
600316
600362
600363
600372
600373
600397
600461
600507
600561
600590
600750
600782

汽车
000549
000550
000625
000678
000800
000868
000880
000887
000927
000951
000957
600006
600066
600104
600166
600178
600213
600262
600372
600373
600375
600397
600418
600565
600609
600653
600686
600715
600760
600761
600805
600967
600988
600991

汽配
000519
000549
000559
000581
000589
000599
000622
000631
000665
000700
000710
000760
000883
000901
000903
000980
002013
600081
600148
600151
600178
600182
600218
600303
600343
600469
600480
600501
600507
600523
600579
600592
600623
600676
600742
600872
600960

沪深300
000001
000002
000009
000012
000016
000021
000022
000024
000027
000029
000031
000036
000039
000060
000061
000063
000066
000068
000069
000088
000089
000096
000100
000157
000400
000401
000402
000406
000410
000420
000423
000425
000429
000488
000498
000503
000507
000511
000518
000520
000527
000528
000532
000533
000539
000541
000543
000550
000559
000562
000568
000571
000573
000581
000601
000612
000623
000625
000629
000630
000636
000651
000659
000666
000680
000682
000698
000708
000709
000717
000725
000726
000727
000729
000733
000735
000737
000758
000763
000767
000778
000780
000786
000792
000800
000806
000807
000817
000822
000823
000825
000828
000831
000839
000858
000866
000875
000878
000886
000895
000898
000900
000912
000916
000917
000920
000921
000927
000930
000932
000933
000937
000939
000949
000956
000959
000960
000962
000968
000970
000983
600000
600001
600002
600004
600005
600006
600007
600008
600009
600010
600011
600012
600015
600016
600018
600019
600020
600021
600022
600026
600028
600029
600030
600031
600033
600035
600036
600037
600050
600057
600058
600060
600068
600072
600073
600074
600078
600085
600087
600088
600089
600091
600096
600098
600100
600102
600103
600104
600108
600110
600115
600117
600121
600123
600126
600135
600138
600153
600166
600170
600171
600177
600183
600188
600190
600196
600198
600205
600207
600210
600215
600220
600221
600228
600231
600236
600256
600266
600269
600270
600271
600282
600296
600307
600308
600309
600320
600333
600348
600350
600357
600362
600377
600408
600428
600489
600500
600508
600519
600548
600569
600581
600583
600585
600591
600597
600598
600600
600601
600602
600608
600621
600630
600631
600635
600637
600638
600639
600641
600642
600643
600649
600652
600653
600654
600660
600662
600663
600674
600675
600688
600690
600694
600705
600707
600710
600717
600718
600724
600726
600739
600741
600744
600747
600748
600757
600761
600770
600779
600780
600790
600795
600797
600805
600808
600811
600812
600820
600832
600835
600838
600839
600849
600851
600854
600863
600866
600868
600871
600874
600879
600881
600884
600886
600887
600894
600895
600900
600997

河北
000158
000401
000408
000413
000600
000687
000709
000778
000783
000848
000856
000889
000923
000937
000958
600001
600135
600149
600155
600230
600357
600409
600480
600482
600550
600553
600559
600716
600722
600803
600812
600892
600965
600997

河南
000400
000544
000612
000676
000703
000719
000885
000895
000933
000949
000956
001896
002007
600020
600066
600069
600121
600172
600186
600207
600222
600253
600285
600312
600439
600469
600531
600569
600595
600753
600810
600876
600898

浙江
000411
000517
000559
000705
000909
000913
000925
000963
000967
002001
002003
002006
002010
002011
002012
002019
002020
002021
002032
002034
002036
600051
600052
600059
600070
600097
600113
600114
600120
600126
600130
600152
600160
600175
600177
600208
600216
600226
600232
600235
600261
600267
600283
600330
600340
600352
600366
600387
600415
600460
600477
600491
600512
600521
600526
600537
600570
600571
600572
600580
600596
600668
600671
600677
600683
600687
600704
600724
600768
600776
600790
600796
600797
600798
600814
600830
600840
600857
600865
600884
600899
600982
600987

海南
000502
000503
000505
000566
000567
000571
000572
000613
000657
000691
000735
000793
000886
000955
600209
600221
600238
600259
600515
600759
600896

深圳
000001
000002
000004
000005
000006
000007
000008
000009
000010
000011
000012
000013
000014
000016
000017
000018
000019
000020
000021
000022
000023
000024
000025
000026
000027
000028
000029
000030
000031
000032
000033
000034
000035
000036
000037
000038
000039
000040
000042
000043
000045
000046
000047
000048
000049
000050
000055
000056
000058
000060
000061
000062
000063
000065
000066
000068
000069
000070
000078
000088
000089
000090
000096
000099
000403
000409
000555
000863
000999
600030
600036
600380
600383
600446
600525
600548

深成40
000001
000002
000009
000012
000016
000021
000024
000027
000039
000063
000066
000069
000088
000089
000100
000406
000429
000488
000527
000539
000541
000550
000581
000625
000709
000717
000725
000761
000778
000800
000825
000839
000858
000866
000875
000898
000932
000956
000959
000983

深证100
000001
000002
000009
000016
000021
000024
000027
000031
000036
000039
000060
000061
000062
000063
000066
000068
000069
000088
000089
000096
000100
000157
000400
000401
000402
000406
000410
000423
000429
000488
000503
000518
000520
000527
000528
000539
000541
000542
000550
000562
000568
000581
000601
000612
000625
000629
000630
000636
000651
000659
000666
000680
000688
000701
000707
000708
000709
000717
000725
000726
000727
000729
000733
000735
000751
000758
000767
000778
000783
000786
000787
000792
000800
000806
000817
000822
000823
000825
000828
000839
000858
000866
000875
000878
000892
000895
000898
000900
000916
000917
000920
000927
000930
000932
000933
000956
000959
000960
000962
000970
000983

湖北
000422
000501
000520
000535
000553
000615
000627
000665
000668
000670
000678
000707
000708
000759
000760
000765
000785
000821
000826
000852
000883
000926
000939
000952
000966
000971
000988
002013
600005
600006
600035
600068
600079
600086
600107
600133
600136
600141
600168
600184
600260
600275
600293
600298
600345
600355
600421
600498
600566
600568
600681
600703
600709
600743
600745
600769
600774
600801
600879
600885
600976
600993

湖南
000156
000157
000419
000428
000430
000548
000549
000590
000622
000639
000702
000722
000738
000748
000787
000799
000819
000900
000906
000908
000917
000918
000932
000989
000998
600031
600127
600156
600257
600286
600390
600416
600458
600476
600478
600479
600599
600731
600744
600762
600961
600963
600969
600975
600991

煤炭石油
000096
000159
000406
000554
000668
000670
000686
000817
000933
000937
000956
000968
000983
600091
600121
600123
600157
600165
600179
600188
600281
600333
600348
600395
600408
600508
600652
600740
600822
600971
600997

甘肃
000552
000598
000672
000779
000791
000929
000981
000995
600108
600192
600296
600307
600311
600354
600516
600543
600720
600738
600764
600886

电力
000027
000037
000096
000531
000534
000539
000543
000600
000601
000690
000692
000695
000720
000767
000875
000899
000958
000966
000993
001896
002039
600011
600021
600027
600098
600101
600116
600131
600236
600283
600292
600310
600396
600452
600502
600505
600509
600578
600642
600644
600674
600719
600726
600744
600780
600795
600863
600864
600868
600886
600900
600969
600979
600982
600995

电器
000016
000100
000404
000418
000521
000527
000530
000533
000541
000561
000651
000660
000801
000811
000836
000893
000909
000921
000967
002005
002011
002032
002035
600001
600060
600122
600202
600234
600261
600336
600340
600481
600619
600625
600690
600724
600835
600839
600854
600870
600983

电子信息
000010
000020
000038
000050
000058
000068
000409
000413
000503
000532
000537
000552
000636
000693
000697
000701
000727
000823
000839
000863
000908
000925
000938
000988
600077
600091
600171
600183
600206
600207
600237
600288
600291
600330
600355
600360
600363
600460
600551
600563
600584
600602
600608
600621
600637
600651
600654
600657
600661
600700
600707
600711
600747
600764
600770
600777
600817
600857
600883
600892
600990

电脑
000021
000066
000547
000583
000621
000658
000688
000725
000748
000757
000765
000787
000827
000836
000948
000977
000981
000997
002027
600083
600100
600185
600203
600271
600392
600403
600410
600446
600455
600476
600503
600536
600570
600571
600588
600601
600624
600646
600652
600687
600718
600721
600734
600756
600797
600799
600804
600845
600850
600855

石化
000013
000520
000609
000618
000620
000637
000686
000763
000783
000819
000866
000985
600002
600028
600065
600688

研究
000016
000018
000024
000036
000039
000063
000065
000066
000069
000099
000151
000406
000420
000520
000554
000582
000598
000625
000629
000668
000748
000758
000763
000768
000777
000778
000783
000798
000800
000810
000817
000838
000866
000898
000901
000902
000920
000922
000939
000956
000969
000999
600002
600005
600006
600011
600018
600019
600026
600028
600029
600038
600050
600056
600057
600058
600061
600068
600071
600077
600081
600094
600099
600115
600125
600135
600148
600149
600150
600171
600176
600184
600195
600198
600205
600230
600236
600262
600263
600267
600268
600270
600271
600290
600299
600313
600316
600319
600320
600358
600372
600389
600390
600391
600428
600435
600448
600480
600489
600495
600498
600500
600511
600523
600539
600560
600582
600583
600640
600641
600677
600680
600685
600686
600688
600707
600710
600726
600742
600744
600757
600764
600772
600786
600787
600795
600845
600855
600871
600875
600877
600886
600890
600893
600896
600900
600967

社保重仓
000024
000027
000037
000060
000066
000068
000088
000100
000423
000429
000525
000541
000625
000651
000717
000767
000778
000825
000830
000831
000858
000895
000898
000956
000962
000970
600001
600012
600016
600020
600030
600033
600037
600058
600066
600078
600089
600166
600177
600183
600205
600210
600261
600266
600267
600350
600352
600362
600386
600398
600415
600418
600426
600428
600439
600481
600493
600497
600521
600550
600552
600591
600594
600596
600597
600600
600642
600660
600705
600710
600777
600785
600824
600863

福建
000526
000536
000547
000592
000632
000658
000663
000671
000701
000723
000732
000753
000797
000905
000993
000997
002029
600033
600057
600067
600103
600153
600163
600193
600203
600388
600436
600483
600493
600503
600549
600563
600573
600592
600659
600660
600686
600693
600711
600734
600755
600802
600815
600870
600897

红利
600001
600008
600010
600011
600018
600019
600028
600057
600059
600087
600098
600102
600104
600126
600130
600135
600151
600153
600177
600189
600207
600210
600223
600231
600236
600282
600302
600303
600307
600323
600357
600383
600418
600500
600508
600548
600563
600569
600581
600598
600600
600621
600626
600635
600642
600675
600682
600761
600808
600884

纺织服装
000018
000036
000045
000158
000301
000518
000529
000652
000681
000690
000712
000726
000779
000803
000809
000810
000813
000850
000902
000936
000955
000971
000982
002003
002015
002029
002034
002036
600061
600070
600107
600152
600156
600177
600200
600220
600232
600233
600240
600250
600272
600273
600295
600370
600381
600398
600400
600448
600483
600493
600510
600555
600576
600626
600630
600645
600667
600689
600757
600763
600770
600777
600781
600790
600851
600878
600884
600981
600987

网络游戏
000503
000517
000559
000688
000693
000701
000789
000829
000977
000997
600007
600100
600106
600110
600136
600138
600176
600292
600403
600630
600705
600770
600797
600832

西藏
000752
000762
600211
600326
600338
600749
600773

贵州
000540
000589
000733
000851
000920
002025
002037
600112
600227
600367
600395
600519
600523
600594
600765
600791
600992

辽宁
000059
000410
000498
000511
000530
000558
000585
000597
000616
000633
000638
000679
000686
000692
000698
000715
000730
000751
000761
000763
000769
000817
000818
000820
000827
000881
000898
000961
600077
600125
600167
600190
600231
600233
600241
600297
600303
600306
600317
600346
600396
600399
600593
600609
600669
600694
600715
600718
600719
600739
600747
600758
600795
600813
600878

运输物流
000040
000099
000421
000805
000881
000889
000996
600026
600029
600087
600115
600125
600221
600270
600369
600386
600428
600561
600591
600611
600620
600635
600648
600650
600662
600676
600692
600705
600708
600736
600741
600751
600753
600787
600798
600834
600894
600896

送转
000002
000012
000022
000039
000046
000402
000405
000416
000421
000422
000488
000527
000538
000559
000581
000599
000600
000617
000635
000662
000729
000768
000793
000806
000815
000822
000830
000848
000888
000937
000969
000983
000997
001696
002007
002019
002021
002022
002023
002024
002025
002027
002028
002029
002031
002032
002034
002035
002038
600001
600008
600016
600031
600036
600066
600085
600089
600098
600101
600114
600143
600162
600177
600188
600236
600247
600270
600282
600300
600309
600320
600339
600352
600383
600386
600392
600393
600400
600401
600409
600410
600420
600422
600426
600428
600439
600475
600477
600479
600480
600491
600500
600507
600510
600519
600521
600527
600533
600536
600538
600557
600563
600570
600571
600582
600583
600586
600588
600594
600626
600628
600637
600639
600651
600654
600662
600692
600694
600704
600725
600747
600768
600834
600837
600851
600881
600963
600965
600966
600971
600978
600980
600995

通信
000016
000034
000035
000062
000063
000070
000100
000408
000517
000542
000555
000586
000602
000615
000631
000669
000733
000736
000829
000851
000890
000892
000910
000988
002017
600050
600057
600105
600130
600136
600149
600198
600209
600289
600345
600485
600487
600498
600522
600640
600658
600677
600680
600728
600733
600775
600776

造纸印刷
000488
000506
000576
000655
000699
000703
000718
000812
000815
000820
002012
600053
600069
600103
600137
600163
600187
600235
600308
600356
600419
600433
600462
600567
600681
600793
600800
600836
600860
600963
600966

酿酒食品
000019
000510
000557
000568
000576
000596
000729
000752
000799
000833
000848
000858
000869
000885
000895
000911
000929
000930
000995
600059
600073
600090
600132
600159
600186
600191
600197
600238
600239
600298
600300
600305
600365
600519
600559
600573
600600
600647
600659
600702
600735
600737
600779
600809

重庆
000514
000515
000565
000591
000607
000625
000656
000688
000736
000788
000892
000950
002004
600106
600116
600129
600132
600279
600292
600369
600452
600565
600666
600729
600847
600877

金融
000001
000562
000563
000578
600000
600015
600016
600030
600036
600643
600811
600816

钢铁
000569
000629
000708
000709
000717
000761
000778
000825
000890
000898
000932
000959
000961
600001
600005
600010
600019
600022
600102
600117
600126
600165
600231
600282
600307
600357
600399
600569
600581
600782
600784
600808
600894

陕西
000516
000561
000563
000564
000610
000697
000721
000768
000796
000812
000837
600080
600092
600185
600217
600248
600302
600343
600379
600455
600456
600700
600706
600707
600771
600788
600831
600984

青海
000578
000606
000792
600117
600243
600381
600714
600869

预亏预减
000004
000007
000010
000017
000020
000023
000026
000029
000030
000034
000035
000049
000056
000058
000061
000155
000301
000403
000408
000411
000430
000501
000505
000506
000517
000519
000529
000532
000533
000534
000535
000552
000557
000562
000576
000582
000583
000592
000596
000613
000622
000631
000633
000650
000655
000656
000657
000670
000672
000681
000683
000687
000688
000691
000699
000702
000705
000710
000718
000719
000722
000732
000736
000737
000738
000748
000750
000756
000760
000766
000789
000790
000791
000797
000801
000805
000810
000813
000820
000827
000832
000856
000862
000863
000877
000887
000892
000897
000908
000918
000920
000922
000928
000935
000958
000993
000999
001896
200512
600003
600030
600039
600056
600057
600062
600065
600076
600086
600090
600127
600136
600137
600146
600159
600173
600181
600187
600199
600209
600218
600223
600234
600242
600251
600252
600265
600272
600275
600286
600295
600310
600355
600365
600369
600371
600372
600375
600378
600429
600448
600455
600458
600503
600506
600540
600555
600565
600570
600576
600579
600587
600609
600614
600629
600630
600633
600640
600657
600672
600680
600689
600696
600700
600703
600704
600710
600713
600714
600715
600727
600728
600734
600737
600752
600758
600759
600762
600763
600766
600772
600773
600774
600789
600807
600812
600842
600853
600854
600857
600867
600885
600890
600892
600893
600899
600991

预盈预增
000002
000006
000012
000019
000022
000038
000039
000046
000050
000059
000060
000062
000063
000065
000066
000068
000150
000157
000402
000410
000415
000422
000503
000511
000514
000521
000524
000527
000536
000537
000538
000545
000546
000554
000555
000558
000561
000563
000567
000572
000585
000587
000590
000594
000600
000608
000610
000616
000617
000618
000627
000628
000630
000635
000638
000659
000661
000665
000669
000671
000677
000679
000695
000701
000703
000716
000728
000731
000758
000762
000763
000776
000777
000782
000783
000788
000792
000799
000802
000803
000816
000819
000823
000828
000833
000835
000836
000837
000866
000878
000881
000886
000888
000893
000900
000902
000912
000913
000926
000929
000931
000933
000950
000951
000953
000960
000962
000968
000970
000978
000980
000983
000995
000997
001696
002025
002033
600002
600005
600009
600020
600026
600028
600029
600058
600077
600083
600088
600114
600121
600123
600131
600138
600156
600165
600167
600169
600172
600182
600186
600188
600190
600193
600195
600198
600203
600205
600228
600230
600239
600240
600247
600257
600269
600281
600293
600299
600301
600309
600312
600313
600318
600320
600325
600327
600328
600331
600335
600338
600348
600362
600370
600373
600385
600390
600393
600406
600408
600409
600415
600416
600418
600420
600423
600425
600426
600428
600432
600438
600449
600468
600470
600475
600480
600490
600496
600497
600500
600501
600508
600521
600522
600526
600531
600533
600547
600549
600551
600575
600577
600580
600581
600582
600591
600593
600596
600603
600613
600615
600618
600619
600627
600644
600647
600648
600650
600654
600658
600659
600667
600671
600681
600683
600687
600688
600691
600694
600712
600716
600718
600722
600723
600725
600735
600739
600744
600749
600753
600754
600755
600765
600769
600776
600779
600783
600786
600787
600790
600792
600793
600794
600796
600801
600803
600809
600810
600816
600823
600825
600826
600829
600837
600841
600844
600847
600862
600869
600873
600875
600876
600883
600886
600888
600891
600897
600900
600971
600997

高价
000022
000039
000063
000676
000869
002019
002024
002041
600037
600085
600271
600410
600415
600519
600521
600583
600588
600594
600970
600971
600993

黑龙江
000587
000620
000699
000711
000832
000901
000922
000985
000996
600038
600065
600095
600173
600178
600179
600182
600187
600202
600289
600356
600371
600598
600664
600701
600705
600726
600752
600811
600829
600853
600864
600891

