 fd fd fd fd 30 30 30 30 32 61 32 61 00 01 02 04 00 f0 7d 2f 00 8a 9e 4f 00 8d bc 90 01 6d 6f 13 00 09 d7 92 00 d2 18 06 03 56 02
 00 00 88 13 00 00 28 23 00 00 88 13 00 00 92 13 00 00
       5000        9000        5000        5010
 00 00 92 13 00 00 18 60 00 00 92 13 00 00 9c 13 00 00
       5010        24600       5010        5020
 00 00 92 13 00 00 0c 62 00 00 92 13 00 00 9c 13 00 00
 01 00 9c 13 00 00 c4 6d 00 00 92 13 00 00 9c 13 00 00
 01 00 ba 13 00 00 64 7d 00 00 9c 13 00 00 ba 13 00 00
 02 00 b0 13 00 00 58 7f 00 00 9c 13 00 00 b0 13 00 00
 04 00 a6 13 00 00 28 87 00 00 a6 13 00 00 b0 13 00 00
 04 00 b0 13 00 00 b8 88 00 00 a6 13 00 00 b0 13 00 00
 05 00 a6 13 00 00 94 8e 00 00 9c 13 00 00 a6 13 00 00
 05 00 a6 13 00 00 24 90 00 00 9c 13 00 00 a6 13 00 00
 06 00 a6 13 00 00 70 94 00 00 9c 13 00 00 a6 13 00 00
 06 00 a6 13 00 00 b0 9a 00 00 9c 13 00 00 a6 13 00 00
 07 00 9c 13 00 00 7c ab 00 00 9c 13 00 00 a6 13 00 00
 07 00 9c 13 00 00 1c bb 00 00 9c 13 00 00 a6 13 00 00
 09 00 a6 13 00 00 d4 c6 00 00 9c 13 00 00 a6 13 00 00
 09 00 a6 13 00 00 50 dc 00 00 a6 13 00 00 b0 13 00 00
 0a 00 b0 13 00 00 dc e6 00 00 a6 13 00 00 b0 13 00 00
 0a 00 b0 13 00 00 04 f1 00 00 b0 13 00 00 ba 13 00 00
 0b 00 b0 13 00 00 94 f2 00 00 a6 13 00 00 b0 13 00 00
 0b 00 b0 13 00 00 d4 f8 00 00 b0 13 00 00 ba 13 00 00
 0c 00 ba 13 00 00 54 05 01 00 b0 13 00 00 ba 13 00 00
 0c 00 b0 13 00 00 74 08 01 00 b0 13 00 00 ba 13 00 00
 0d 00 ba 13 00 00 68 0a 01 00 b0 13 00 00 ba 13 00 00
 0d 00 b0 13 00 00 18 0f 01 00 b0 13 00 00 ba 13 00 00
 0e 00 ba 13 00 00 a4 32 01 00 ba 13 00 00 c4 13 00 00
 0e 00 ba 13 00 00 64 45 01 00 b0 13 00 00 ba 13 00 00
 0e 00 b0 13 00 00 60 67 01 00 b0 13 00 00 ba 13 00 00
 0f 00 ba 13 00 00 30 6f 01 00 b0 13 00 00 ba 13 00 00
 0f 00 b0 13 00 00 a0 86 01 00 a6 13 00 00 ba 13 00 00
 0f 00 ba 13 00 00 34 98 01 00 b0 13 00 00 ba 13 00 00
 10 00 b0 13 00 00 ac b6 01 00 b0 13 00 00 ba 13 00 00
 10 00 b0 13 00 00 4c c6 01 00 a6 13 00 00 b0 13 00 00
 10 00 b0 13 00 00 8c cc 01 00 a6 13 00 00 b0 13 00 00
 10 00 b0 13 00 00 5c d4 01 00 a6 13 00 00 b0 13 00 00
 ......
 