NineBull
900923
900942
200022
200037
200869
002024
000538
600361
600694

ShanghaiGuideStocks
600000
600002
600004
600005
600006
600008
600009
600011
600015
600016
600018
600019
600020
600021
600026
600028
600029
600030
600033
600036
600050
600100
600104
600171
600205
600350
600569
600591
600601
600602
600609
600637
600642
600643
600649
600652
600664
600688
600705
600717
600795
600805
600808
600811
600812
600832
600839
600887
600895
600900

ShenzhenGuideStocks
000001
000002
000009
000012
000021
000022
000024
000027
000039
000063
000066
000068
000069
000088
000089
000100
000406
000429
000488
000539
000541
000550
000581
000625
000629
000709
000717
000725
000778
000800
000817
000825
000839
000858
000866
000898
000932
000956
000959
000983

ShangHai180
600000
600001
600002
600003
600005
600006
600007
600008
600009
600010
600011
600016
600018
600019
600028
600033
600037
600052
600058
600060
600062
600064
600068
600071
600073
600076
600085
600086
600088
600096
600098
600100
600102
600103
600104
600108
600111
600115
600121
600122
600123
600126
600127
600129
600133
600135
600138
600151
600156
600158
600161
600165
600168
600170
600171
600177
600180
600181
600183
600186
600188
600190
600195
600196
600198
600205
600207
600210
600217
600221
600223
600256
600258
600263
600266
600267
600270
600282
600288
600299
600307
600309
600313
600315
600319
600322
600330
600332
600345
600362
600368
600372
600377
600380
600383
600386
600395
600399
600498
600500
600508
600519
600528
600548
600555
600569
600588
600600
600602
600624
600626
600630
600631
600632
600635
600637
600638
600639
600640
600641
600642
600643
600649
600651
600652
600654
600657
600662
600663
600664
600665
600668
600675
600677
600688
600690
600701
600705
600717
600718
600722
600723
600727
600741
600744
600746
600748
600770
600776
600778
600779
600784
600795
600798
600805
600808
600811
600812
600820
600821
600832
600835
600839
600849
600851
600854
600857
600861
600863
600866
600868
600871
600872
600874
600881
600887
600890
600894
600895
600896

PaperMaking
000488
000506
000619
000699
000718
000815
000820
200488
600053
600069
600103
600137
600163
600187
600235
600308
600356
600419
600567
600793
600794

Transport
000004
000099
200057
200152
600033
600087
600115
600125
600213
600221
600270
600326
600368
600369
600386
600428
600692
600751
600768
600798
600896
900938
900945

Medicine
000078
000153
000423
000513
000522
000538
000545
000566
000590
000591
000597
000623
000750
000756
000766
000788
000790
000919
000952
000963
000989
000999
200513
600062
600080
600085
600129
600196
600211
600216
600222
600253
600267
600276
600285
600297
600329
600332
600380
600385
600422
600466
600488
600518
600556
600568
600664
600666
600671
600713
600750
600752
600789
600812
600842
600849
600867
600869

Networks
000023
000048
000503
000701
000733
000739
000765
000793
000839
000889
000902
600052
600056
600058
600073
600092
600138
600601
600606
600607
600632
600646
600653
600657
600680
600704
600723
600768
600770
600799
600807
600865

Communications
000032
000063
000400
000542
000552
000561
000603
000682
000703
000727
000839
000839    
000892
600621
600640
600654
600680
600706
600775
600776

Foodstuff
000048
000576
000686
000702
000780
000833
000876
000885
000895
000911
000930
600073
600090
600095
600127
600186
600191
600195
600199
600246
600298
600305
600311
600519
600615
600695
600866
600887
600893
900919

Petrifaction
000059
000406
000407
000422
000510
000520
000523
000598
000609
000618
000620
000627
000635
000637
000659
000668
000675
000683
000698
000707
000728
000731
000737
000763
000783
000791
000792
000818
000819
000826
000838
000866
600002
600028
600065
600074
600075
600091
600096
600614
600636
600656
600688
600725
600727
600746
600772
600792
600874
600886

Commerce
000033
000056
000416
000417
000419
000428
000501
000505
000516
000524
000537
000551
000557
000560
000564
000593
000594
000599
000600
000611
000616
000639
000667
000679
000681
000685
000715
000721
000739
000759
000765
000785
000787
000796
000889
600082
600109
600158
600612
600628
600631
600632
600650
600655
600657
600670
600682
600683
600693
600694
600697
600700
600712
600721
600723
600729
600738
600739
600755

Retail
000056
000061
000416
000417
000419
000501
000516
000560
000564
000593
000611
000667
000672
000679
000715
000739
000759
000765
000785
000796
000882
000889
000987
200056
600082
600109
600234
600280
600306
600361
600616
600628
600631
600632
600655
600682
600683
600693
600694
600697
600712
600723
600729
600738
600766
600774
600778
600785
600791
600807
600814
600821
600823
600824
600825
600827
600828
600830
600837
600838
600840
600856
600857
600859
600861
600865
600891
900923

Automobile
000550
000625
000738
000800
000868
000880
600066
600104
600609
600686
600698
600715
600742
600761
600805
600813
600855
600877
600890

Agriculture
000626
000829
000860
000972
000998
600075
600093
600108
600180
600225
600313
600359
600506
600598
600672
600762

Coal
000933
000937
000968
000983
600123
600188
600395
600508
900948

Energy
000027
000037
000426
000532
000534
000539
000543
000601
000767
000899
600101
600116
600121
600642
600644
600719
600744
600769
600780
600863
600864

Travel
000069
000430
000602
000610
000802
000888
000978
600007
600054
600118
600138
600358
600749
900929
900942

Hotel
000033
000428
000524
000639
000691
600175
600258
600650
600754
600873
900914
900934

ScienceAndTechnology
000014
000021
000035
000050
000063
000066
000583
000621
000628
000652
000661
000676
000682
000727
000733
000748
000836
000839
600064
600076
600079
600100
600105
600122
600624
600701
600706
600718
600734
600776
600800
600850

Computer
000008
000583
000621
000682
000693
000711
000787
000805
000836
000863
000938
000948
600289
600536
600588
600646
600657
600687
600718
600756
600799
600899

ElectricInstrument
000007
000038
000400
000404
000418
000521
000527
000533
000542
000548
000552
000561
000622
000651
000669
000723
600060
600622
600625
600627
600651
600690
600711
600724
600753
600835
600839
600854
600870
600880

Weave
000018
000036
000045
000158
000301
000518
000529
000712
000726
000779
000803
000809
000810
000813
000850
000971
000976
000982
200018
200045
200160
200168
200726
600070
600078
600152
600156
600201
600219
600220
600232
600240
600381
600398
600448
600626
600630
600645
600677
600777
600781

Dress
600070
600107
600757
600825
600884

Steel
000569
000629
000656
000696
000700
000708
000709
000761
000778
000898
600001
600102
600117
600126
600608
600665
600714
600771
600799
600804
600808
600845
600853
600894

Industry
000012
000015
000017
000050
000060
000405
000407
000408
000413
000511
000523
000530
000535
000536
000541
000544
000546
000547
000569
000576
000587
000589
000595
000612
000630
000631
000633
000653
000655
000660
000665
000677
000686
000717
000720
000730
000751
000762
000769
000777
000788
000792
000795
000807
000826
600067
600072
600089
600111
600112
600113
600135
600139
600613
600615
600629
600646
600652
600658
600660
600661
600673
600674
600679
600685
600691
600696
600716
600727
600748
600752
600765
600770
600782
600783
600784
600786
600788
600818
600819
600836
600843
600844
600847
600875
600876
600879
600888
600899

Communal
000040
000089
000412
000421
000531
000793
600158
600640
600649
600717
600726
600768
600772
600795
600820
600832
600834
600896

ChemicalFiber
000420
000498
000555
000615
000650
000677
000687
000782
000832
000949
600061
600063
600094
600617
600667
600669
600699
600810
600871
600889
900913
900940

Mechanism
000410
000519
000551
000570
000581
000595
000617
000757
000777
000816
000837
000903
000908
000967
200570
200581
200706
200770
200771
600072
600149
600169
600218
600243
600302
600335
600382
600566
600605
600765
600786
600806
600841
600843
600862
900920
900924

BuildMaterial
000023
000055
000401
000525
000565
000608
000673
000688
000689
000695
000786
000789
600052
600668
600678
600720
600737
600758
600801
600802
600829
600883

Finance
000001
000562
000563
600000
600016
600036
600643
600816

FishCulture
000509
000798
200992
600242
600275
600728

Drink
000028
000568
000596
000729
000752
000799
000848
000858
000869
000929
000995
200019
200028
200596
200869
600059
600097
600132
600159
600197
600238
600239
600300
600365
600600
600702
600735
600779
600809

Rubber
000589
600182
600614
600623
900907
900909

Construction
000023
000090
000415
000730
000758
000793
000797
600052
600068
600170
600252
600263
600266
600321
600350
600528
600758
600820
600852

Plastic
000407
000659
000665
000859
600074
600155
600210
600260
600520

Metal
000039
000055
000535
000700
000778
000890
000910
000926
000932
001696
200039
200055
600113
600165
600320
600456
600558
600608
600782
900947

Nonmetal
000012
000401
000408
000544
000655
000673
000688
000753
000786
000789
000795
000851
000856
000861
000877
000925
000928
000935
000965
200012
600172
600173
600206
600212
600217
600286
600291
600293
600318
600539
600585
600660
600668
600678
600691
600696
600716
600720
600737
600783
600792
600801
600802
600819
600829
600876
900918
900933

Electronics
000038
000050
000058
000068
000070
000413
000636
000697
000733
000806
000823
000828
200058
200413
600171
600207
600330
600363
600602
600634
600707
900901

RealEstate
000002
000006
000029
000031
000042
000046
000047
000049
000502
000505
000514
000557
000558
000592
200002
200029
200505
600383
600393
600603
600638
600639
600641
600648
600663
600675
600684
600833
900911
900912
900932

FullCurrency
500006
600601
600603
600611
600651
600652
600653

BeiJingCity
000151
000504
000605
000609
000621
000725
000728
000729
000758
000786
000798
000802
000835
000839
000860
000882
000902
000916
000931
000938
000959
000969
000970
200725
600007
600008
600016
600037
600055
600056
600058
600062
600085
600100
600118
600138
600158
600161
600166
600176
600195
600198
600206
600246
600258
600263
600266
600270
600288
600299
600313
600376
600386
600500
600588
600657
600658
600723
600763
600855
600859
600860
600861

ShangHaiCity
600000
600009
600018
600019
600061
600072
600073
600081
600094
600104
600115
600119
600150
600151
600170
600171
600196
600210
600272
600278
600315
600320
600530
600555
600601
600602
600603
600604
600605
600606
600607
600608
600610
600611
600612
600613
600614
600615
600616
600617
600618
600619
600620
600621
600622
600623
600624
600626
600627
600628
600630
600631
600632
600633
600634
600635
600636
600637
600638
600639
600640
600641
600642
600643
600645
600646
600647
600648
600649
600650
600651
600652
600653
600654
600655
600661
600662
600663
600665
600675
600676
600679
600680
600688
600689
600692
600695
600708
600730
600732
600741
600748
600754
600757
600781
600817
600819
600820
600822
600823
600824
600825
600826
600827
600832
600833
600834
600835
600836
600837
600838
600841
600842
600843
600844
600846
600848
600849
600850
600851
600895
900901
900902
900903
900904
900905
900906
900907
900908
900909
900910
900911
900912
900913
900914
900916
900917
900918
900919
900920
900921
900922
900923
900924
900925
900927
900928
900929
900930
900932
900934
900935
900939
900940
900943
900947
900953
900955
900957

TianJinCity
000537
000652
000695
000836
000897
000927
000965
600082
600322
600329
600335
600468
600488
600717
600751
600787
600800
600821
600874
900938

ChongQingCity
000402
000514
000515
000565
000591
000607
000625
000656
000688
000736
000788
000892
000950
000975
200625
600106
600116
600129
600132
600145
600279
600369
600666
600729
600847
600877

ZheJiangProvince
000517
000559
000705
000909
000913
000925
000963
000967
200771
600051
600052
600059
600070
600113
600120
600126
600130
600152
600160
600177
600208
600216
600226
600232
600235
600261
600267
600283
600330
600366
600656
600668
600671
600677
600683
600704
600724
600768
600776
600790
600796
600797
600798
600814
600830
600840
600857
600865
600884
600899
900941
900949

YunNanProvince
000538
000560
000667
000807
000878
000903
000948
000960
600096
600181
600239
600265
600422
600725
600792
600794
600806
600883

XinJiangProvince
000159
000415
000562
000813
000877
000972
600075
600084
600089
600090
600197
600256
600337
600339
600359
600419
600737
600778
600888

XiZangProvince
000752
000762
600211
600326
600338
600749
600773
600873

SiChuangProvince
000155
000506
000509
000510
000519
000568
000569
000583
000584
000586
000593
000628
000629
000693
000710
000731
000757
000790
000801
000803
000809
000810
000838
000858
000876
000888
000912
000935
600093
600101
600109
600131
600137
600139
600292
600321
600378
600466
600528
600558
600644
600672
600673
600674
600678
600691
600702
600733
600779
600786
600793
600804
600828
600839
600852
600875
600880

ShanXiProvince
000516
000561
000563
000564
000610
000697
000721
000768
000796
000812
000837
600080
600092
600185
600217
600248
600302
600700
600706
600707
600788
600831

ShanXi2Province
000666
000673
000737
000755
000767
000795
000825
000831
000968
000983
600123
600169
600234
600281
600740
600780
600809

ShanDongProvince
000406
000407
000416
000423
000488
000554
000599
000617
000655
000677
000680
000682
000720
000726
000739
000756
000811
000822
000830
000869
000880
000915
000951
000957
000977
200152
200488
200726
200869
200992
600002
600060
600076
600102
600157
600162
600180
600188
600205
600212
600219
600223
600229
600308
600309
600319
600336
600600
600690
600698
600727
600735
600756
600760
600766
600777
600783
600784
600789
600807
600858
600882
900946

QingHaiProvince
000578
000606
000792
600117
600243
600381
600714
600771
600869

NingXiaProvince
000557
000595
000635
000815
000862
000962
000982
600146
600165
600785

NeiMengGuProvince
000426
000594
000611
000683
000780
600010
600091
600111
600159
600191
600201
600240
600262
600277
600291
600295
600328
600863
600887
900936
900948

LiaoNingProvince
000410
000498
000511
000530
000558
000597
000616
000633
000638
000679
000686
000692
000698
000715
000730
000751
000761
000763
000769
000817
000818
000820
000827
000863
000881
000898
000961
200530
200706
200761
600077
600125
600167
600190
600231
600233
600241
600297
600303
600306
600396
600399
600609
600669
600694
600715
600718
600719
600728
600739
600747
600758
600795
600816
600878
900952

JiangXiProvince
000403
000404
000550
000650
000789
000829
000899
000990
200550
600053
600071
600228
600269
600316
600363
600372
600750
600782

JianSuProvince
000301
000418
000421
000425
000518
000525
000551
000570
000581
000626
000681
000700
000727
000777
000805
000816
000866
000890
000910
000919
000936
200418
200468
200570
200581
600064
600074
600078
600087
600088
600099
600105
600122
600128
600200
600213
600220
600250
600268
600276
600280
600282
600287
600290
600300
600305
600358
600377
600389
600398
600400
600501
600667
600682
600710
600713
600736
600746
600770
600775
600805
600854
600862
600871
600889
900950

JiLinProvince
000412
000420
000545
000618
000623
000631
000661
000669
000718
000766
000776
000800
000928
600003
600110
600148
600189
600215
600247
600333
600360
600365
600670
600697
600699
600742
600856
600867
600881
600890
600893
900951

HanNanProvince
000156
000157
000419
000428
000430
000548
000549
000590
000622
000639
000702
000722
000738
000748
000787
000799
000819
000900
000906
000908
000917
000918
000932
000989
000998
600127
600156
600257
600286
600390
600731
600744
600762

HuBeiProvince
000422
000501
000520
000535
000553
000615
000627
000665
000668
000670
000678
000707
000708
000759
000760
000765
000785
000821
000826
000852
000883
000926
000939
000952
000966
000971
000988
200553
200770
600005
600006
600068
600079
600086
600107
600133
600136
600141
600168
600260
600275
600293
600298
600345
600568
600681
600703
600745
600769
600774
600801
600879
600885
600886
900933
900956

HeiLongJiangProvince
000587
000620
000699
000711
000832
000901
000922
000985
000996
600038
600065
600095
600173
600178
600179
600182
600187
600202
600289
600356
600664
600701
600705
600726
600752
600799
600811
600829
600864
600891
900937

HeNanProvince
000400
000544
000612
000676
000719
000885
000895
000933
000949
000956
600066
600069
600121
600172
600186
600207
600222
600253
600285
600312
600753
600810
600876

HeBeiProvince
000158
000401
000408
000413
000600
000687
000709
000778
000783
000848
000856
000889
000923
000937
000958
200160
200413
600001
600135
600149
600155
600230
600550
600716
600722
600772
600803
600812
600892

HaiNanProvince
000502
000503
000505
000566
000567
000571
000572
000657
000691
000735
000793
000886
000955
200505
600097
600175
600209
600221
600238
600259
600896
900945

GuiZhouProvince
000540
000555
000589
000733
000851
000920
600112
600227
600367
600395
600765
600791

GuangXiProvince
000528
000582
000608
000662
000703
000716
000750
000806
000833
000911
000953
000978
600236
600252
600301
600310
600368
600712

GuangDongProvince
000001
000002
000004
000005
000006
000007
000008
000009
000010
000011
000012
000013
000014
000016
000017
000018
000020
000021
000022
000023
000024
000025
000026
000027
000028
000029
000030
000031
000032
000033
000034
000035
000036
000037
000038
000039
000040
000042
000043
000045
000046
000047
000048
000049
000050
000055
000056
000058
000059
000060
000061
000062
000063
000065
000066
000068
000069
000070
000078
000088
000089
000090
000096
000099
000150
000405
000409
000429
000507
000513
000522
000523
000524
000527
000529
000531
000532
000533
000534
000539
000541
000542
000573
000576
000601
000602
000603
000636
000637
000651
000659
000660
000685
000690
000712
000717
000782
000823
000828
000861
000893
000921
000973
000976
000987
000999
200002
200011
200012
200013
200016
200017
200018
200019
200020
200022
200024
200025
200026
200028
200029
200030
200037
200039
200041
200045
200053
200054
200055
200056
200057
200058
200168
200429
200513
200539
200541
200986
600098
600183
600242
600323
600332
600380
600382
600383
600393
600518
600589
600684
600685
600866
600868
600872
600894

GanSuProvince
000552
000598
000672
000779
000791
000929
000981
000995
600108
600192
600296
600307
600311
600720
600738
600764

FuJianProvince
000526
000547
000592
000632
000663
000671
000701
000723
000732
000753
000797
000905
000993
000997
200512
600033
600057
600067
600103
600153
600163
600193
600203
600225
600388
600659
600660
600686
600687
600693
600696
600711
600734
600755
600767
600802
600815
600870
600897

AnHuiProvince
000153
000417
000521
000543
000596
000619
000630
000713
000850
000859
000868
000887
000930
000979
000980
200521
200596
600054
600063
600199
600218
600237
600255
600318
600761
600808
900942

